32.7904 -96.8103
39.7487 -105.0076
37.7680 -122.3879
29.7509 -95.3622
34.0430 -118.2673
34.0430 -118.2673
35.1382 -90.0506
29.9490 -90.0821
35.4634 -97.5151
33.4457 -112.0712
45.5316 -122.6668
38.5802 -121.4997
29.4270 -98.4375
40.7683 -111.9011
36.1028 -115.1782
47.6221 -122.3541
33.7573 -84.3963
42.3662 -71.0621
40.6826 -73.9754
35.2252 -80.8393
41.8807 -87.6742
41.4965 -81.6880
42.3411 -83.0552
39.7640 -86.1555
25.7814 -80.1870
43.0451 -87.9173
44.9795 -93.2760
40.7505 -73.9934
28.5381 -81.3841
39.9012 -75.1720
43.6435 -79.3790
38.8982 -77.0208